Número de miembros:
2
Número de nudos:
3
Número de restricciones de apoyo:
4
Número de nudos restringidos:
3
Módulo de elasticidad:
1500000
Número grados de libertad:
5
Número de elementos:
1
Vectores coordenadas en un plano:
X: 0.0 6.0 12.0 
Y: 0.0 0.0 0.0 
Vectores nudo inicial y final:
jj: 1 2 
jk: 2 3 
Propiedades de los miembros:
ax: 0.25 0.25 
iz: 0.0026 0.0026 
rl: 1 1 0 0 1 0 0 1 0 
crl: 1 2 2 2 3 3 3 4 4 
l: 6.0 6.0 
cx: 1.0 1.0 
cy: 0.0 0.0 
Matriz de Rigidez: 
SMD: 
62500.0 0.0 -0.0 62500.0 0.0 -0.0 
0.0 216.66666666666666 650.0 0.0 216.66666666666666 650.0 
-0.0 650.0 2600.0 -0.0 650.0 1300.0 
62500.0 0.0 -0.0 62500.0 0.0 -0.0 
0.0 216.66666666666666 650.0 0.0 216.66666666666666 650.0 
-0.0 650.0 1300.0 -0.0 650.0 2600.0 

S: 
50.99019513592785 -0.0 25.495097567963924 0.0 0.0 0.0 0.0 0.0 0.0 
-0.0 353.5533905932738 0.0 176.7766952966369 -0.0 0.0 0.0 0.0 0.0 
1300.0 0.0 67.45368781616021 -0.0 19.27248223318863 0.0 0.0 0.0 0.0 
0.0 62500.0 -0.0 176.77669529663686 0.0 0.0 0.0 0.0 0.0 
0.0 -0.0 1300.0 0.0 47.20774754816659 0.0 0.0 0.0 0.0 
0.0 62500.0 -0.0 0.0 0.0 0.0 0.0 0.0 0.0 
650.0 0.0 650.0 0.0 0.0 0.0 0.0 0.0 0.0 
650.0 0.0 1300.0 0.0 650.0 0.0 0.0 0.0 0.0 
0.0 0.0 650.0 0.0 650.0 0.0 0.0 0.0 0.0 
Nombre condicion de carga: null
Acciones aplicadas en nudos: 

0.0 0.0 0.0 
0.0 0.0 0.0 
0.0 0.0 0.0 
Acciones en extremos de miembros:

0.0 6.0 6.0 
0.0 6.0 -6.0 
0.0 0.0 0.0 
0.0 0.0 0.0 
Condiciones de carga: 
null
Acciones de métodos: 
ae: 0.0 6.0 -6.0 0.0 6.0 6.0 0.0 0.0 0.0 
ac: -6.0 0.0 6.0 0.0 0.0 0.0 6.0 6.0 0.0 
Vector de racciones en apoyos:

0.0 0.0 -0.11766968108291041 
0.0 0.0 0.001985005372629695 
0.0 0.0 0.0 
Vector de desplazamientos en nudos:

0.0 0.0 -0.11766968108291041 
0.0 0.0 0.001985005372629695 
0.0 0.0 -2.4441881127009326E-5 
Vector de acciones de extremo finales:
0.0 -69.19503921168247 -297.3606638311485 0.0 81.19503921168247 -153.80957143894634 
0.0 1.2743662694767457 5.129239523372095 0.0 -1.2743662694767457 2.5169580934883795 
